((("circ" .
   [1 0 0 0])
  ("textmu" .
   [1 0 0 0 0 0])
  ("cite" .
   [3 1 1 0])
  ("sum" .
   [1 0 0])
  ("LaTeX" .
   [0 0 1 0 0])
  ("bin" .
   [1 0 0])
  ("else" .
   [1 0 0 1])
  ("croissance_pile" .
   [5 0 0 0 0 0 0 0 0 0 0 0 0 0 0])
  ("return" .
   [1 0 0 0 0 0])
  ("Programme" .
   [0 0 0 0 1 0 0 0 0])
  ("lallement" .
   [2 0 0 0 0 0 0 0 0])
  ("numpy" .
   [0 0 1 0 0])
  ("import" .
   [0 0 0 0 1 1])
  ("__" .
   [2 0])
  ("def" .
   [4 0 0])
  ("if" .
   [2 1])
  ("carre" .
   [1 0 0 0 0])
  ("main" .
   [4 0 0 0])
  ("printf" .
   [2 0 0 0 0 0])
  ("void" .
   [5 0 0 0])
  ("data" .
   [1 0 0 0])
  ("croissance_tas" .
   [3 0 0 0 0 1 0 0 0 0 1 0 0 0])
  ("p" .
   [1])
  ("include" .
   [0 0 0 1 0 0 0])
  ("num_cmd" .
   [1 0 0 2 0 0 0])
  ("write" .
   [2 0 0 0 0])
  ("cmd_generator" .
   [0 0 0 0 1 0 0 0 0 0 0 0 0])
  ("header" .
   [1 0 0 0 0 0])
  ("1000" .
   [1 0 0 0])
  ("global" .
   [1 0 0 0 0 0])
  ("number_of_cmd" .
   [0 0 0 0 0 0 2 1 0 0 0 0 0])
  ("cmd" .
   [1 0 0])
  ("Custom" .
   [1 0 0 0 0 0])
  ("/net/" .
   [1 0 0 0 0])
  ("sectionmark" .
   [0 0 0 0 1 0 0 0 0 0 0])
  ("documentclass" .
   [0 0 0 1 1 0 0 0 0 0 0 0 0])
  ("boldsymbol" .
   [0 0 0 2 0 0 0 0 0 0])
  ("textit" .
   [1 0 0 0 1 0])
  ("text" .
   [0 0 0 1])))
